
-315461941
237924526
-580656787
809197000
340706326
132758781
-1152676940
394649098
-1498614455
-1777702441
1703097242
-1666348889
-1290973566
895757758
-1889712715
-161024581
974509234
-294548213
-1342973019
1374411523
-1790153679
1475403529
2139947276
-628522530
-782477368
-212540768
-1074900503
-554126221
1133287150
543431546
89668417
-362547932
-1636997165
1411682729
-1388478083
1853481050
192196999
184656594
-1773468517
1523660175
1425868906
-870819910
1135948281
-1416375698
1801476553
-2103405931
413336288
1364458028
-1722755043
719016848
533486387
185130214
507604677
1875562545
145020437
-1077638165
-441007384
374292949
-1880805292
-1559265256
-2129388849
-954006308
1429974384
-833578034
1505329521
1942688674
-626246966
369776816
-1022054337
2063431587
489067088
1163446457
-1418066065
2127088148
-1013768528
-1113103400
-1651082477
-1333204188
1972813315
1196096289
-311049229
-2130215750
558761044
2131592470
-57968685
-1854297841
-2080703395
502473026
2093962328
-1339169952
-1337097929
-1547778579
1171761114
-1889867593
-700451404
889416042
-1598786459
1848517642
308934137
135116695
892204164
-1643813283
2109610439
-941030198
307783079
1744592630
-1615777433
85830648
121163923
-763896556
-827102086
439097463
-1695439878
643093033
-267446990
962137795
-1802361133
-136519582
419705662
-983058040
-2144596322
-1778507759
1970600940
361471266
929270477
1719993425
194000471
178090377
771853404
1057398577
528184451
307435707
1599191998
64819069
1403470287
757235143
1939283824
-1542425139
1390996694
1180277875
527394627
333567320
24469885
-181161474
1779635500
-180724356
-126183841
-1096936107
1978842266
